S1=Date
S2=SHH Code
S3=SHZ Code
S4=Inter-Bank Code
S5=SPPI Result
S6=Failure Causes
S10=Reserve
=======================
20230809|   |   |012200201|1|          |          |   |          |   |	
20230809|   |   |012200204|1|          |          |   |          |   |
20230809|   |   |012200231|1|          |          |   |          |   |
20230809|   |   |012200245|1|          |          |   |          |   |
20230809|   |   |012200201|1|          |          |   |          |   |
20230809|   |   |012200256|1|          |          |   |          |   |
20230809|   |   |012200267|1|          |          |   |          |   |
20230809|   |   |012200201|1|          |          |   |          |   |
20230809|   |   |012200256|1|          |          |   |          |   |
20230809|   |   |012200256|1|          |          |   |          |   |
20230809|   |   |012200289|1|          |          |   |          |   |		
